MAE: 1.4055076829646402
MSE: 2.3607325869011393
RMSE: 1.5364675677999649
R2: -1.0687419240586604
